%YAML:1.0
---
model_type: PINHOLE
camera_name: camera
image_width: 640
image_height: 480
distortion_parameters:
   k1: 0.0
   k2: 0.0
   p1: 0.0
   p2: 0.0
projection_parameters:
   fx: 389.0228271484375
   fy: 389.0228271484375
   cx: 318.2129211425781
   cy: 237.1432647705078
