%YAML:1.0

#common parameters
#support: 1 imu 1 cam; 1 imu 2 cam: 2 cam; 
imu: 1         
num_of_cam: 2  

imu_topic: "/camera/imu"
image0_topic: "/camera/infra1/image_rect_raw"
image1_topic: "/camera/infra2/image_rect_raw"
output_path: "/home/uestc/output/"

cam0_calib: "left.yaml"
cam1_calib: "right.yaml"
image_width: 640
image_height: 480
   

# Extrinsic parameter between IMU and Camera.
estimate_extrinsic: 1   # 0  Have an accurate extrinsic parameters. We will trust the following imu^R_cam, imu^T_cam, don't change it.
                        # 1  Have an initial guess about extrinsic parameters. We will optimize around your initial guess.

body_T_cam0: !!opencv-matrix
   rows: 4
   cols: 4
   dt: d
   data: [ 9.9996755649444180e-01, 7.8337432648528781e-03,
       -1.8757465168915614e-03, -4.1699424361052190e-03,
       -7.8205457908562693e-03, 9.9994531718614255e-01,
       6.9427444888788287e-03, 1.8869040820570015e-02,
       1.9300316236732836e-03, -6.9278498803820258e-03,
       9.9997413960260317e-01, 3.4316925588175833e-02, 0., 0., 0., 1. ]
body_T_cam1: !!opencv-matrix
   rows: 4
   cols: 4
   dt: d
   data: [ 9.9996505683309489e-01, 8.1343916409487346e-03,
       -1.9278966302472139e-03, 4.5890125890469119e-02,
       -8.1232129623549833e-03, 9.9995054909658365e-01,
       5.7369654530152287e-03, 1.8552926351355404e-02,
       1.9744680178425734e-03, -5.7211042703769711e-03,
       9.9998168505326834e-01, 3.4813575126063347e-02, 0., 0., 0., 1. ]

#Multiple thread support
multiple_thread: 1

#feature traker paprameters
max_cnt: 150            # max feature number in feature tracking
min_dist: 30            # min distance between two features 
freq: 10                # frequence (Hz) of publish tracking result. At least 10Hz for good estimation. If set 0, the frequence will be same as raw image 
F_threshold: 1.0        # ransac threshold (pixel)
show_track: 1           # publish tracking image as topic
flow_back: 1            # perform forward and backward optical flow to improve feature tracking accuracy

#optimization parameters
max_solver_time: 0.04  # max solver itration time (ms), to guarantee real time
max_num_iterations: 8   # max solver itrations, to guarantee real time
keyframe_parallax: 10.0 # keyframe selection threshold (pixel)

#imu parameters       The more accurate parameters you provide, the better performance
acc_n: 0.2          # accelerometer measurement noise standard deviation. #0.2   0.04
gyr_n: 0.05         # gyroscope measurement noise standard deviation.     #0.05  0.004
acc_w: 0.02         # accelerometer bias random work noise standard deviation.  #0.002
gyr_w: 0.0005       # gyroscope bias random work noise standard deviation.     #4.0e-5
g_norm: 9.80         # gravity magnitude

#unsynchronization parameters
estimate_td: 1                      # online estimate time offset between camera and imu
td: 0.00                             # initial value of time offset. unit: s. readed image clock + td = real image clock (IMU clock)

#loop closure parameters
load_previous_pose_graph: 0        # load and reuse previous pose graph; load from 'pose_graph_save_path'
pose_graph_save_path: "/home/uestc/output/pose_graph/" # save and load path
save_image: 0                   # save image in pose graph for visualization prupose; you can close this function by setting 0 
